101110110100111
001100011011010
110111001101110
010101100111010
110111000101010
011101001001111
000100010100011
000100000110011
100000110000011
111111101011010
011011000111011
011001110000000
010101100010110
001000001011111
010101111111010
010011000101010
001111011111111
100100011101110
110011100001011
110000011011101
000111001101000
110011100010100
101001110001000
111111000111101
110011111101010
111101011110100
010111101001101
100000101111011
011100001001011
111001010111000
010010111001110
110100000110110
110100100001010
100010011000100
111111111010101
000000110010101
001111101000010
000110010001000
010101111000001
111111000110101
111101010000010
000110011101101
001011100001010
001101001001000
101111000010011
001011000001110
010100000000100
110010100011001
110110100100000
111011011111110
011110011000000
100100100011010
101101111010000
111101011111010
100010110010001
101101001010101
100011100101111
100110010011101
101111000100111
101011000100000
100101011110000
110001110111000
001010001010100
111111010101111
101000100000101
101110011011100
011001101111001
000111010010111
110111000101011
001001100110100
110010001110011
100010100001100
000111010101010
010110001111010
110100101100111
000000011111100
111101100100110
011011101000101
011110001000001
110100000110010
001010110100000
100010010000111
110111011011101
111001010000100
101000100000111
010000111110101
101101101000011
100011111000000
011011100000100
111011100110001
111100011001100
011011100000000
000011110001110
111011000111100
001100011010001
000110001011000
010111010000101
011001001111001
001111110110001
000010100111111
010000010110001
100110100110001
100011111100110
111100100001100
111010110110101
100100110100111
001011100010101
001100100101010
110000001011011
011000100001011
100101101011110
101100011001011
000000001100001
010000111110000
111001011101011
111000101100000
111100100110110
000111000011111
000111010101100
000010010111011
111011111100110
100111101110000
011011101011101
011010011111001
101111100011001
101110110010011
011101011111100
000111011101001
001110100101001
111010100000010
000101011001010
100111011010011
010000111010110
101010101001100
011010111100011
011010111010001
010111111101100
010010000110011
100111101101010
001011011110001
100000101011001
101010001011011
011111110110000
101101000111010
011010000011110
000100101001100
011001110001110
110101000100000
110000100101110
001010100110010
110010111000110
101000110010110
000110110101010
101111111011100
101010110001110
110000001110101
011100010000001
101111101010000
110111100101111
000110101111011
100110000110010
000010011011001
000111010110111
110011100101010
111110011101000
000111110110011
110111000110001
011011100110101
000100011111010
111001001000111
010111110111100
101100010011101
101111011011111
100010011111001
011110011000000
000011110010011
000000001000110
001000101001111
001000001001010
100011110011100
111111100101100
110001010010001
101010110110100
101000010001100
000010000011111
001000110011111
011110100101110
001001101000010
111111001010110
101110110110101
011111110100101
101110110110010
001000101010110
101011101010100
100011000100010
111110111100100
000001101010011
111000010011101
001001100111011
000011111011010
010110101111010
010000110110100
100001100100011
110001001010001
011100111000000
101111100100011
001000010110100
000111111000111
100100011101111
011000111011100
000011000101011
101011000101001
110011011000001
110001000100110
011010110110101
001000110110001
010010111000011
001011010101000
010101010101110
110111100010101
100010101101101
010100111110111
101010011101000
010010000110101
011110111110001
010101011011000
011110110101001
001101101110010
101110100010101
001101100100110
101101111010110
111101011101101
101001100111101
111101001001111
001011111110010
110111011000111
111111011110001
000011100001000
010001100110000
010110001111100
011010111111111
111100000010011
011101100010101
000001111000110
000010111101011
010001010101111
111111100010111
000110001001100
110010101111101
101010011010101
000010100001010
000111111001100
101000001001011
101111111100111
001110000100100
101001110111010
111011101101101
100101101100000
110110101001110
000101100000010
100001100101101
001011111110101
011001101000011
011001110101000
011001111011111
110000101110010
010110010101111
101010000001100
110111111110001
001111111011100
010001011100000
011011010011011
000001111110010
110101100111110
011001111000100
000001111001001
010110101000110
111000111111011
001110110100111
100001100110100
011100111010100
001000001011011
010110111000000
011001101001010
010101001100100
000100101001001
100101111000001
110011001001000
101000101101000
010100000110000
111011111000000
100100100110100
010010100110111
110010111010011
000011110100000
111100000100111
001100111000111
111110010011000
111001010100001
111110101010100
000001111111010
110101111110011
011000111110100
001011000010011
011011111101110
110001011001101
110110011011111
001011110011000
010001001100101
111000010011111
000110001110100
101011100111001
010101111111110
001100000001110
000011011111010
001010010000101
010000100010100
100100111010111
000011101010110
001010010011000
110101100100010
111100100000111
110111101111000
011011010011001
111100101011100
010000101110001
000011101011001
001001000111011
100000000011000
111010101000101
010011011011010
011100010101001
000010011001100
001010011110100
101000011001010
101000000010111
111010111010111
000101110110001
001110100101110
011101110110010
111110101010110
101111010100101
000001011001101
100010011011001
101100000111011
011000010011010
111000001000010
011110001000111
101001101100100
101010001111011
110000100110101
100100011110110
100111001110010
011010011000001
110001110010000
100111100100000
111011001000100
000011000110101
000110001110110
111101011101101
100010000110100
001111000000100
100001100011110
001100111110010
110010110110001
001110011110010
100011011010100
110111110101001
011100100111001
101111100111000
101110000001100
111100110010101
000111110010010
110000010001100
110111100100001
000111100110011
010000110111100
000000111100011
111100101111100
000010111101100
001111101111101
110011111011001
111101101010111
000111111100110
101000111101100
001011111011101
111001010100100
010011000111000
111011111100000
000011111000100
111011010100001
001010000101101
110101011011111
011011001100100
100001100101011
011000100110000
001010001010011
111011111000110
100101100001101
000101111110100
011000000000110
100100111010111
111000000101110
001110111000010
001011001010000
111110001001110
111111101111011
001011100001101
101011101101100
100010000001000
000110011110111
001100010000000
010100100111101
001010010000100
000010110100010
100001101110101
011110111010110
111101111010111
010001101111111
110011011111001
100111100010100
100001111000000
011010000010010
010110110100100
111011101011100
001000100001011
000001000111011
101011011000100
000010101001110
000110011011110
010100100101001
010101110001011
111100100011001
100001011011110
000001111001001
001001000011100
111011111000001
001000001100011
111101011001111
101111010100111
000110111111101
110110001111000
100111011010101
001010001010100
011101010110001
000101001010111
101110000101101
011010011000001
111001010011111
011111010000110
100010110101111
001100100011000
011101100101111
000101111010111
011100000100111
001011100010110
101010010010000
101100100000100
110111010010111
100101010010110
011101010010110
110000111011000
010011100111100
100001001011000
000001111011010
001010000011111
111111111000110
001110101010001
100100010101101
000000111011111
010010110100001
111101000001000
110100100101011
001110010010110
111010001101000
011010110100000
100000001001000
011000001001011
000001001100010
001000010101110
101001000101010
111101100001100
001011011001100
110101000101001
100111010001011
100100011001111
010000110000110
111111011000010
101000110101011
011100001110110
101001010110000
110100111011000
000001110101100
010110101011110
110100000011110
000110111011011
101001100110100
001001010100100
100110100110100
100011001111011
101111011111001
110001011001010
111100001010110
110101100100100
001100111000001
001000000000101
101000011010100
010101011000000
001111100011001
100001010101001
011111001110011
100001010001100
010110010000100
101000101110101
111000000110101
011101111000100
111110011001001
111010101010101
100110110001101
101110000101010
011000001111111
001111101111100
111011001100010
011011001010111
011101000001110
001001001010110
000110111001100
000110101010101
110001010100111
000011101100001
011110100101111
001110101001010
010110111101001
101001010110110
110000101111111
010101111011101
100110111011101
100101111010100
101100100100111
110000001100111
010010100010010
011101011100111
001000101001001
001000101100110
110111000100100
000000101011111
011100110011001
011010111000101
001010011010101
111001010110111
001101110111000
010011110000110
100011001111001
110101100100010
101010110010001
111010110110100
011011001001100
100001111111110
101100101010011
101011000011010
110111001100111
000100101110110
101011110001001
010011000111110
010101111111011
101011001001111
101100000111010
010001011110100
101001010010001
100111001001110
101111000100111
000000000100010
101010010110001
100000001000110
100111010010100
011101111000100
101000001000010
001001001010100
110001100100010
001110010111110
110010001001100
111001111110101
001110111010111
001110111000010
111000010101000
010110110001010
010110011001101
010001000101110
100000100010011
101001001101011
000100110010000
000010000100111
101110100110101
000011011010010
100111111110111
010110001000111
000010000110010
110011110011101
111110001011011
100011010110111
010100100100110
111111001110111
011110100101101
110010101110010
100101001001100
101111111101001
001001001001001
100111010001010
100110100010010
100111011001000
010010110010010
010111001011100
100010110110000
100001110101100
111100001101011
101000101000000
001100101111101
101011000111010
001111011001010
111000110100101
011110101110111
101111101001111
011011111110100
000100011110110
000110100101100
011111111011101
110000100101001
011011001001110
101000111110101
111111110101101
000010100111111
010101110000001
100111001110111
001110110000101
100011011101000
100011001101011
111110010100101
100111001010011
101010111000100
111100001001010
001010110111010
100111010100011
100100101101011
100000000100010
101100110000110
010000010101100
011000000100001
100011000110110
001000110101101
111101011010100
010110100111001
011000001110111
100111100101110
111101101101010
111010100111101
001010001001001
100001100110001
111001000001110
100111100101000
110000100000110
010011010101101
101011110100110
011111100110001
011111011010110
111010010011001
111011100100011
001110110100111
101000011010011
001011011000100
111000010111011
110001001010110
001101011010100
100101000110010
101001001011101
011001110000110
110010010010011
010100101000110
111001111001010
010011010110001
101110010010000
111101011010101
000000011011101
100101001100110
011000100100101
011100110101010
110110000100001
110001010111010
101101101000011
111110010000011
111001100010100
100111110111101
101110111000101
001101001101001
010001011101111
101011100001100
110111110001011
110111101100101
001001110100000
100100011010011
111101111010001
010111001110000
110111111100011
110001010111001
101011011110001
011010100101110
010111101001100
111100100001011
101001111110001
111010110100000
001111010110101
000010111011010
100010101011011
000010111001111
110011011011100
100000100010101
001000001000010
011101100000101
001101010111000
000101101010101
111101111010000
110001100100010
111110101001010
001100101100100
101010111000100
010011101011101
000000110110110
011010011101111
000000011101000
001001101101000
010100110111100
100000000000101
100111001010101
001001001110101
001000111100010
101001011011101
101011000000000
100100010000100
000101011101101
011101001011101
101100100110111
110111001000010
010000111101101
101100100110111
100011000111001
100001000111101
110111110001100
011000011110010
000110011110100
010000011101111
110101001101011
011101011111000
011101101100101
010010000101111
110101110011110
101100100111110
111000110011101
000111010010001
110101111111010
010010011000101
100110011010000
100011100111011
001000101110100
010110000101001
101100111001000
111010111001010
001111000000111
000111011000100
000111111111001
001110111110110
010100000110001
000001011111110
000010001001111
001010100001100
101110011011000
001010111010111
000011100101101
100000100111100
110101110001000
110010001111111
011010111000100
101011111010101
011100000110101
001001111010001
110010000001101
110100111000011
010011110011010
100111001010101
100010100110110
000100011101001
101010100111001
000110110101010
010111111010011
000011011100110
111011011000010
001111011000100
010100101111100
011010000110001
000011111111001
011111101000000
100110110100000
011100110111011
000010010000101
111000101100011
110000011001000
000101100110100
010010011010111
101000101010100
010111010100011
100101010110000
110011001111010
011101101010100
010101001000100
011010100110101
100001010101001
010001100001000
111101111110011
011010111100111
000010100100100
100110010001010
110000011011010
000000100000111
100100000110111
111011111011100
110001101001001
001101100010100
000110110100101
000000010001101
110011000101010
111000010011111
010010000110101
110010100101011
010011100111100
100111011001110
000011000100010
110010001101001
110111111011100
000100100001000
111011001000100
110011010110001
000100101010111
110010100001110
111000010100001
110101100111001
011000101011100
011101101000101
011101001010100
011001011111101
001101101010000
110000110101111
101001001101000
110011000010110
100011000000111
001100001111110
011101110010001
010000011010101
000001100111011
100000100100000
000010111111001
111010110000100
110111000011010
100111111101000
010010011000101
100001111001111
011111111110101
100011011011011
111100011111001
110111111101110
010100001110101
100000001001001
111110010110001
100100110110011
111111010110010
110111011000000
100110101011101
101100010010010
110001110011011
001100100010111
011101010110110
001110011011100
001110101100011
111110101010000
101010011111000
111100111110011
000000100011010
011011101010101
101111100100111
101111001010111
000000110110100
000011011111010
000000000010000
111100100000101
010001001011101
000110000011011
001111000000010
110100101001111
111110111110001
100110001111111
001111011011110
101011100100011
011101011011010
110100100111101
011010000111000
100100101001110
001000111001000
000101101101001
011111001110111
100010010011000
010100110000001
010001010111100
110101110100010
101100000111010
110111011011100
101001101100111
111100100010111
110101011110111
010011101111011
110011010110001
010000100111101
000111111110001
100010100111110
001100011011110
100000111001100
110111001000110
010011111001100
010001110001100
101010010010101
001010011110101
111111000101000
001011101010100
000110111001011
100111000110111
101100101001110
011100100111110
110001110101100
000000001010100
010111011001001
010001100001111
011001001111111
001000111010010
101000001010011
000011000111001
000101101001001
000100100100001
011100001001111
100111100011100
111000110010100
011101110101001
111101000011000
011010000101001
010110001010000
101111000011011
011010100000110
100000110100110
110110001110111
110100101110110
101110001111111
110001001010000
001001110011110
011110110101111
000010101011101
011101011100001
010000000010110
100000111010001
100010010100001
000010101001001
010111001110000
011001111100001
000010011001011
011001100011011
001000110111111
110000001100000
111000100001101
111100100100100
010000000111111
100110010101010
010010101001000
000010000011010
000011100101001
101000101110111
110110011100101
110000111010001
001111010001000
000100101001010
111000011000101
101110101111110
111001010000100
110110101101110
100001001111010
000010100111110
100101100011111
111010100100101
010110111011011
011100001110000
011010001000110
110010111010011
101110101100110
100111000111100
111111101011011
110000110111101
010110010000010
